#Wed Jan 23 11:13:28 EST 2013
Common_Inventory_Sub_Agent=6.3.0.20120123
MessageBroker=2.0.1.20121116
IBM_Support_Assistant_Data_Collector=2.0.1.GA20120316-1743
